# Curated `--size small` sample - generated by data/build_sample.py from data/sample.yml; do not edit.
# seed=foe-sample-v1 size=200 must_include_from=course/movies.yml,evaluation/movie_queries.yml
1
2
3
4
6
10
11
12
13
14
15
16
17
19
26
29
32
34
36
44
47
50
54
60
137
150
242
260
318
386
524
592
595
608
681
709
741
858
917
919
924
927
930
931
946
952
958
962
1024
1029
1033
1066
1068
1078
1149
1152
1153
1156
1177
1198
1203
1221
1222
1244
1262
1267
1270
1291
1305
1327
1335
1341
1344
1348
1584
1648
1748
1917
1926
1950
1954
1955
1963
1982
2046
2098
2115
2187
2189
2211
2358
2362
2368
2377
2400
2417
2420
2529
2530
2533
2569
2571
2600
2635
2636
2644
2662
2672
2774
2795
2819
2939
2948
3019
3022
3132
3139
3142
3147
3198
3221
3223
3267
3294
3308
3309
3310
3359
3360
3404
3492
3507
3523
3547
3562
3565
3594
3599
3609
3629
3633
3635
3648
3657
3659
3726
3739
3805
3850
3871
3877
3926
3931
3944
3962
3976
3986
4020
4149
4161
4164
4168
4189
4191
4226
4243
4247
4255
4278
4284
4298
4300
4343
4349
4357
4386
4409
4450
4454
4459
4469
4483
4548
4709
4725
4754
4768
4816
4835
4856
4900
4950
4962
4981
4998
5000
5009
5110
5116
5137
